                      0.1                      0.2                      0.3                      0.4                      0.5                      0.6                      0.7                      0.8                      0.9                        1
   3.0884300000000000e+05   4.3608900000000000e+05   5.3654800000000000e+05   6.2248700000000000e+05   6.9808800000000000e+05   7.6266400000000000e+05   8.2172900000000000e+05   8.7849800000000000e+05   9.3367000000000000e+05   9.8589200000000000e+05
   3.0911700000000000e+05   4.3512300000000000e+05   5.3378400000000000e+05   6.1975800000000000e+05   6.9202800000000000e+05   7.5774600000000000e+05   8.1413000000000000e+05   8.6801900000000000e+05   9.2373000000000000e+05   9.7250600000000000e+05
   3.0795200000000000e+05   4.3163700000000000e+05   5.3137400000000000e+05   6.1208600000000000e+05   6.8408300000000000e+05   7.4444200000000000e+05   8.0042100000000000e+05   8.5000600000000000e+05   8.9856500000000000e+05   9.4425200000000000e+05
   3.0795700000000000e+05   4.2869000000000000e+05   5.2599500000000000e+05   6.0139700000000000e+05   6.6823200000000000e+05   7.2569700000000000e+05   7.7734200000000000e+05   8.2252400000000000e+05   8.6644900000000000e+05   9.0563800000000000e+05
   3.0551400000000000e+05   4.2295600000000000e+05   5.1701800000000000e+05   5.8853900000000000e+05   6.4989900000000000e+05   7.0279400000000000e+05   7.4695200000000000e+05   7.8820600000000000e+05   8.2188800000000000e+05   8.5616400000000000e+05
   3.0461700000000000e+05   4.1892400000000000e+05   5.0410800000000000e+05   5.7036800000000000e+05   6.2602500000000000e+05   6.7542000000000000e+05   7.0995600000000000e+05   7.4362700000000000e+05   7.7192600000000000e+05   8.0085100000000000e+05
   3.0111300000000000e+05   4.1089700000000000e+05   4.9433800000000000e+05   5.5070300000000000e+05   6.0232500000000000e+05   6.4219500000000000e+05   6.7042900000000000e+05   6.9621500000000000e+05   7.1806700000000000e+05   7.3689700000000000e+05
   2.9988100000000000e+05   4.0354600000000000e+05   4.7870900000000000e+05   5.2986800000000000e+05   5.7282700000000000e+05   6.0604500000000000e+05   6.2555700000000000e+05   6.4235600000000000e+05   6.5566000000000000e+05   6.6700900000000000e+05
   2.9678500000000000e+05   3.9533400000000000e+05   4.6432500000000000e+05   5.0674200000000000e+05   5.4206800000000000e+05   5.6823700000000000e+05   5.7842100000000000e+05   5.9041100000000000e+05   5.9467900000000000e+05   5.9646500000000000e+05
   2.9373500000000000e+05   3.8546500000000000e+05   4.4655200000000000e+05   4.8310600000000000e+05   5.0867400000000000e+05   5.2685400000000000e+05   5.3136000000000000e+05   5.3377600000000000e+05   5.3293800000000000e+05   5.2605300000000000e+05
   2.8896700000000000e+05   3.7618600000000000e+05   4.2822900000000000e+05   4.5608400000000000e+05   4.7446500000000000e+05   4.8254500000000000e+05   4.8136800000000000e+05   4.7935300000000000e+05   4.6965200000000000e+05   4.5842600000000000e+05
   2.8541100000000000e+05   3.6436200000000000e+05   4.1062000000000000e+05   4.2993000000000000e+05   4.3939100000000000e+05   4.3993400000000000e+05   4.3280500000000000e+05   4.2439500000000000e+05   4.0910600000000000e+05   3.9330200000000000e+05
   2.8075400000000000e+05   3.5319200000000000e+05   3.9037100000000000e+05   4.0356000000000000e+05   4.0392100000000000e+05   3.9889500000000000e+05   3.8541100000000000e+05   3.7129200000000000e+05   3.5329400000000000e+05   3.3426600000000000e+05
   2.7561500000000000e+05   3.4069800000000000e+05   3.7071400000000000e+05   3.7669400000000000e+05   3.7024800000000000e+05   3.5813100000000000e+05   3.4091100000000000e+05   3.2198200000000000e+05   3.0027900000000000e+05   2.7780700000000000e+05
   2.6999000000000000e+05   3.2828900000000000e+05   3.4996200000000000e+05   3.4991900000000000e+05   3.3626800000000000e+05   3.1748400000000000e+05   2.9786600000000000e+05   2.7532000000000000e+05   2.5043200000000000e+05   2.2904700000000000e+05
   2.6531700000000000e+05   3.1598400000000000e+05   3.2892600000000000e+05   3.2165000000000000e+05   3.0367300000000000e+05   2.7991900000000000e+05   2.5843900000000000e+05   2.3370900000000000e+05   2.0781000000000000e+05   1.8567100000000000e+05
   2.5799700000000000e+05   3.0189300000000000e+05   3.0838800000000000e+05   2.9359800000000000e+05   2.7088000000000000e+05   2.4437300000000000e+05   2.2117700000000000e+05   1.9534100000000000e+05   1.7152700000000000e+05   1.4905200000000000e+05
   2.5306800000000000e+05   2.8691900000000000e+05   2.8756700000000000e+05   2.6661900000000000e+05   2.4192400000000000e+05   2.1061000000000000e+05   1.8802700000000000e+05   1.6169700000000000e+05   1.3809900000000000e+05   1.1669800000000000e+05
   2.4610400000000000e+05   2.7410900000000000e+05   2.6571100000000000e+05   2.4073200000000000e+05   2.1251200000000000e+05   1.8152100000000000e+05   1.5807800000000000e+05   1.3204700000000000e+05   1.1120300000000000e+05   9.0640000000000000e+04
   2.3975800000000000e+05   2.6049200000000000e+05   2.4634700000000000e+05   2.1717000000000000e+05   1.8679100000000000e+05   1.5533500000000000e+05   1.3131900000000000e+05   1.0749400000000000e+05   8.8104000000000000e+04   6.9184000000000000e+04
   2.3369700000000000e+05   2.4669900000000000e+05   2.2690600000000000e+05   1.9418200000000000e+05   1.6190700000000000e+05   1.3075000000000000e+05   1.0809700000000000e+05   8.5844000000000000e+04   6.8471000000000000e+04   5.2231000000000000e+04
   2.2648900000000000e+05   2.3312900000000000e+05   2.0652100000000000e+05   1.7279500000000000e+05   1.4076100000000000e+05   1.1051000000000000e+05   8.7654000000000000e+04   6.7379000000000000e+04   5.2190000000000000e+04   3.9149000000000000e+04
   2.2000500000000000e+05   2.2055500000000000e+05   1.8863500000000000e+05   1.5259900000000000e+05   1.2055500000000000e+05   9.1852000000000000e+04   7.0946000000000000e+04   5.3144000000000000e+04   3.9829000000000000e+04   2.8921000000000000e+04
   2.1271700000000000e+05   2.0635800000000000e+05   1.7247900000000000e+05   1.3547000000000000e+05   1.0357200000000000e+05   7.5865000000000000e+04   5.6490000000000000e+04   4.1337000000000000e+04   3.0378000000000000e+04   2.1399000000000000e+04
   2.0522600000000000e+05   1.9390300000000000e+05   1.5546400000000000e+05   1.1867000000000000e+05   8.7490000000000000e+04   6.2126000000000000e+04   4.4712000000000000e+04   3.1958000000000000e+04   2.2509000000000000e+04   1.5107000000000000e+04
   1.9852200000000000e+05   1.8160600000000000e+05   1.4023200000000000e+05   1.0353400000000000e+05   7.4172000000000000e+04   5.0508000000000000e+04   3.5186000000000000e+04   2.4110000000000000e+04   1.6446000000000000e+04   1.0592000000000000e+04
   1.9075900000000000e+05   1.6900800000000000e+05   1.2553300000000000e+05   9.0097000000000000e+04   6.1345000000000000e+04   4.0897000000000000e+04   2.7657000000000000e+04   1.8077000000000000e+04   1.1889000000000000e+04   7.6390000000000000e+03
   1.8423700000000000e+05   1.5717200000000000e+05   1.1211600000000000e+05   7.7550000000000000e+04   5.0819000000000000e+04   3.2307000000000000e+04   2.1334000000000000e+04   1.3418000000000000e+04   8.4820000000000000e+03   5.0420000000000000e+03
   1.7729300000000000e+05   1.4572100000000000e+05   9.9240000000000000e+04   6.6530000000000000e+04   4.1343000000000000e+04   2.5879000000000000e+04   1.6411000000000000e+04   9.9310000000000000e+03   5.9150000000000000e+03   3.4910000000000000e+03
   1.7020500000000000e+05   1.3484300000000000e+05   8.7857000000000000e+04   5.6736000000000000e+04   3.3822000000000000e+04   2.0321000000000000e+04   1.2198000000000000e+04   7.1580000000000000e+03   4.0810000000000000e+03   2.3230000000000000e+03
   1.6417500000000000e+05   1.2447500000000000e+05   7.7522000000000000e+04   4.8393000000000000e+04   2.7076000000000000e+04   1.5896000000000000e+04   9.2820000000000000e+03   5.0710000000000000e+03   2.9120000000000000e+03   1.4910000000000000e+03
   1.5702700000000000e+05   1.1418800000000000e+05   6.8078000000000000e+04   4.0981000000000000e+04   2.1884000000000000e+04   1.2157000000000000e+04   6.9290000000000000e+03   3.6620000000000000e+03   2.0000000000000000e+03   9.5000000000000000e+02
   1.5105300000000000e+05   1.0469500000000000e+05   5.9279000000000000e+04   3.4233000000000000e+04   1.7266000000000000e+04   9.3990000000000000e+03   4.9860000000000000e+03   2.6410000000000000e+03   1.2310000000000000e+03   6.2700000000000000e+02
   1.4385200000000000e+05   9.4753000000000000e+04   5.2519000000000000e+04   2.8533000000000000e+04   1.3662000000000000e+04   7.0680000000000000e+03   3.7740000000000000e+03   1.7910000000000000e+03   8.7800000000000000e+02   3.7100000000000000e+02
   1.3652800000000000e+05   8.6106000000000000e+04   4.5441000000000000e+04   2.3720000000000000e+04   1.0722000000000000e+04   5.1810000000000000e+03   2.6680000000000000e+03   1.3040000000000000e+03   5.5200000000000000e+02   2.0800000000000000e+02
   1.2955100000000000e+05   7.8326000000000000e+04   3.9422000000000000e+04   1.9606000000000000e+04   8.5170000000000000e+03   3.9180000000000000e+03   1.8430000000000000e+03   9.1000000000000000e+02   3.7100000000000000e+02   1.6500000000000000e+02
   1.2291600000000000e+05   7.0955000000000000e+04   3.3608000000000000e+04   1.6110000000000000e+04   6.4880000000000000e+03   2.9130000000000000e+03   1.3120000000000000e+03   6.0600000000000000e+02   2.3600000000000000e+02   8.3000000000000000e+01
   1.1688900000000000e+05   6.4241000000000000e+04   2.8592000000000000e+04   1.3017000000000000e+04   4.9040000000000000e+03   2.1260000000000000e+03   8.8000000000000000e+02   3.9300000000000000e+02   1.4100000000000000e+02   5.9000000000000000e+01
   1.1074600000000000e+05   5.7795000000000000e+04   2.4429000000000000e+04   1.0724000000000000e+04   3.8610000000000000e+03   1.5230000000000000e+03   5.6800000000000000e+02   2.7800000000000000e+02   6.4000000000000000e+01   3.4000000000000000e+01
   1.0502700000000000e+05   5.2024000000000000e+04   2.0874000000000000e+04   8.7190000000000000e+03   3.0180000000000000e+03   1.0660000000000000e+03   3.8000000000000000e+02   1.7700000000000000e+02   3.2000000000000000e+01   2.9000000000000000e+01
   9.9477000000000000e+04   4.6498000000000000e+04   1.7394000000000000e+04   6.8260000000000000e+03   2.2070000000000000e+03   8.0500000000000000e+02   2.7900000000000000e+02   1.2200000000000000e+02   1.8000000000000000e+01   1.0000000000000000e+01
   9.4055000000000000e+04   4.1267000000000000e+04   1.4810000000000000e+04   5.6570000000000000e+03   1.6690000000000000e+03   5.9700000000000000e+02   1.7100000000000000e+02   6.7000000000000000e+01   1.2000000000000000e+01   1.1000000000000000e+01
   8.8469000000000000e+04   3.6505000000000000e+04   1.2162000000000000e+04   4.5140000000000000e+03   1.1510000000000000e+03   3.9900000000000000e+02   1.1400000000000000e+02   4.8000000000000000e+01   1.2000000000000000e+01   3.0000000000000000e+00
   8.2816000000000000e+04   3.2766000000000000e+04   1.0225000000000000e+04   3.4740000000000000e+03   9.0200000000000000e+02   3.0600000000000000e+02   6.6000000000000000e+01   2.8000000000000000e+01   1.0000000000000000e+01   3.0000000000000000e+00
   7.8480000000000000e+04   2.8912000000000000e+04   8.3970000000000000e+03   2.8620000000000000e+03   6.3400000000000000e+02   2.0000000000000000e+02   3.8000000000000000e+01   1.4000000000000000e+01   7.0000000000000000e+00   2.0000000000000000e+00
   7.3512000000000000e+04   2.5487000000000000e+04   7.1330000000000000e+03   2.1520000000000000e+03   4.1400000000000000e+02   1.3500000000000000e+02   2.4000000000000000e+01   1.0000000000000000e+01   3.0000000000000000e+00   0.0000000000000000e+00
   6.9221000000000000e+04   2.2858000000000000e+04   6.1050000000000000e+03   1.7980000000000000e+03   3.5300000000000000e+02   7.1000000000000000e+01   2.2000000000000000e+01   7.0000000000000000e+00   4.0000000000000000e+00   0.0000000000000000e+00
   6.5114000000000000e+04   1.9900000000000000e+04   4.8870000000000000e+03   1.3390000000000000e+03   2.6100000000000000e+02   6.5000000000000000e+01   1.3000000000000000e+01   5.0000000000000000e+00   4.0000000000000000e+00   0.0000000000000000e+00
   6.0622000000000000e+04   1.7299000000000000e+04   4.0900000000000000e+03   1.0210000000000000e+03   2.0500000000000000e+02   3.6000000000000000e+01   8.0000000000000000e+00   2.0000000000000000e+00   4.0000000000000000e+00   0.0000000000000000e+00
   0.0000000000000000e+00   0.0000000000000000e+00   0.0000000000000000e+00   0.0000000000000000e+00   0.0000000000000000e+00   0.0000000000000000e+00   0.0000000000000000e+00   0.0000000000000000e+00   0.0000000000000000e+00   0.0000000000000000e+00
