                      0.1                      0.2                      0.3                      0.4                      0.5                      0.6                      0.7                      0.8                      0.9                        1
   7.5950000000000000e+03   1.5187000000000000e+04   2.2336000000000000e+04   2.9623000000000000e+04   3.6259000000000000e+04   4.3477000000000000e+04   4.9917000000000000e+04   5.7208000000000000e+04   6.3964000000000000e+04   7.1186000000000000e+04
   2.2668000000000000e+04   4.4378000000000000e+04   6.6176000000000000e+04   8.7550000000000000e+04   1.0823100000000000e+05   1.2822700000000000e+05   1.4865600000000000e+05   1.6917200000000000e+05   1.9002400000000000e+05   2.0867300000000000e+05
   3.7360000000000000e+04   7.3330000000000000e+04   1.0915000000000000e+05   1.4403600000000000e+05   1.7791000000000000e+05   2.1034600000000000e+05   2.4287400000000000e+05   2.7507100000000000e+05   3.0540300000000000e+05   3.3724300000000000e+05
   5.2126000000000000e+04   1.0219200000000000e+05   1.5020200000000000e+05   1.9814000000000000e+05   2.4301300000000000e+05   2.8662300000000000e+05   3.2966600000000000e+05   3.7067700000000000e+05   4.1030000000000000e+05   4.4823100000000000e+05
   6.6475000000000000e+04   1.2932300000000000e+05   1.8980100000000000e+05   2.4804300000000000e+05   3.0343300000000000e+05   3.5349600000000000e+05   4.0368600000000000e+05   4.5053500000000000e+05   4.9765100000000000e+05   5.4258500000000000e+05
   8.0401000000000000e+04   1.5502500000000000e+05   2.2621500000000000e+05   2.9450900000000000e+05   3.5565000000000000e+05   4.1140700000000000e+05   4.6779700000000000e+05   5.1852400000000000e+05   5.6623500000000000e+05   6.1331600000000000e+05
   9.4660000000000000e+04   1.7902000000000000e+05   2.5976200000000000e+05   3.3373900000000000e+05   4.0126700000000000e+05   4.5975400000000000e+05   5.1969000000000000e+05   5.6959100000000000e+05   6.1735500000000000e+05   6.6283300000000000e+05
   1.0699000000000000e+05   2.0279900000000000e+05   2.8959200000000000e+05   3.6870000000000000e+05   4.3712500000000000e+05   5.0014400000000000e+05   5.5734000000000000e+05   6.0517600000000000e+05   6.5031100000000000e+05   6.8859700000000000e+05
   1.1939400000000000e+05   2.2372900000000000e+05   3.1660200000000000e+05   3.9738700000000000e+05   4.6635700000000000e+05   5.2869900000000000e+05   5.7944300000000000e+05   6.2720000000000000e+05   6.6317200000000000e+05   6.9684600000000000e+05
   1.3132000000000000e+05   2.4345200000000000e+05   3.3958400000000000e+05   4.1980600000000000e+05   4.8782800000000000e+05   5.4455800000000000e+05   5.9004900000000000e+05   6.3038300000000000e+05   6.5968600000000000e+05   6.8299300000000000e+05
   1.4325600000000000e+05   2.6044600000000000e+05   3.5847100000000000e+05   4.3545200000000000e+05   5.0176000000000000e+05   5.5015900000000000e+05   5.8882300000000000e+05   6.1981500000000000e+05   6.4100900000000000e+05   6.5276900000000000e+05
   1.5395000000000000e+05   2.7656200000000000e+05   3.7248800000000000e+05   4.4572000000000000e+05   5.0708700000000000e+05   5.4768700000000000e+05   5.7534500000000000e+05   5.9622000000000000e+05   6.0821600000000000e+05   6.0952800000000000e+05
   1.6506300000000000e+05   2.9035100000000000e+05   3.8432100000000000e+05   4.5337500000000000e+05   5.0471700000000000e+05   5.3638400000000000e+05   5.5375500000000000e+05   5.6582000000000000e+05   5.6429900000000000e+05   5.5848900000000000e+05
   1.7586500000000000e+05   3.0226100000000000e+05   3.9022200000000000e+05   4.5350800000000000e+05   4.9583300000000000e+05   5.1817700000000000e+05   5.2809100000000000e+05   5.2591900000000000e+05   5.1645500000000000e+05   5.0285300000000000e+05
   1.8564900000000000e+05   3.1133100000000000e+05   3.9399200000000000e+05   4.4897300000000000e+05   4.7894600000000000e+05   4.9247500000000000e+05   4.9308200000000000e+05   4.8195900000000000e+05   4.6566100000000000e+05   4.4454800000000000e+05
   1.9354500000000000e+05   3.1891000000000000e+05   3.9680800000000000e+05   4.4069100000000000e+05   4.6066400000000000e+05   4.6512100000000000e+05   4.5484300000000000e+05   4.3434400000000000e+05   4.1098300000000000e+05   3.8613500000000000e+05
   2.0030800000000000e+05   3.2236300000000000e+05   3.9451100000000000e+05   4.2851400000000000e+05   4.3857200000000000e+05   4.3199000000000000e+05   4.1075200000000000e+05   3.8783200000000000e+05   3.6083300000000000e+05   3.3178000000000000e+05
   2.0843900000000000e+05   3.2586200000000000e+05   3.8929400000000000e+05   4.1280000000000000e+05   4.1238400000000000e+05   3.9485100000000000e+05   3.6892200000000000e+05   3.4029300000000000e+05   3.1031000000000000e+05   2.7677700000000000e+05
   2.1416400000000000e+05   3.2702700000000000e+05   3.7985800000000000e+05   3.9204800000000000e+05   3.8334500000000000e+05   3.5935700000000000e+05   3.2892300000000000e+05   2.9442900000000000e+05   2.6245900000000000e+05   2.2870600000000000e+05
   2.1925700000000000e+05   3.2482500000000000e+05   3.6878300000000000e+05   3.7259400000000000e+05   3.5283700000000000e+05   3.2281100000000000e+05   2.8777600000000000e+05   2.5219300000000000e+05   2.1792400000000000e+05   1.8580600000000000e+05
   2.2294000000000000e+05   3.2351300000000000e+05   3.5607300000000000e+05   3.5021700000000000e+05   3.2091600000000000e+05   2.8745000000000000e+05   2.4989300000000000e+05   2.1231500000000000e+05   1.7919000000000000e+05   1.5010400000000000e+05
   2.2580100000000000e+05   3.2059300000000000e+05   3.4106400000000000e+05   3.2599600000000000e+05   2.9088200000000000e+05   2.5245900000000000e+05   2.1339500000000000e+05   1.7668200000000000e+05   1.4503500000000000e+05   1.1904800000000000e+05
   2.2792200000000000e+05   3.1349300000000000e+05   3.2441500000000000e+05   3.0070200000000000e+05   2.6297900000000000e+05   2.2010800000000000e+05   1.8139000000000000e+05   1.4692900000000000e+05   1.1732000000000000e+05   9.2228000000000000e+04
   2.2896100000000000e+05   3.0712400000000000e+05   3.0770100000000000e+05   2.7637000000000000e+05   2.3371200000000000e+05   1.9059700000000000e+05   1.5312100000000000e+05   1.1967300000000000e+05   9.2771000000000000e+04   6.9947000000000000e+04
   2.3107900000000000e+05   2.9895400000000000e+05   2.9099200000000000e+05   2.5244200000000000e+05   2.0517900000000000e+05   1.6370300000000000e+05   1.2758700000000000e+05   9.6779000000000000e+04   7.1501000000000000e+04   5.2632000000000000e+04
   2.3267200000000000e+05   2.8915900000000000e+05   2.7304200000000000e+05   2.2851300000000000e+05   1.7965200000000000e+05   1.3930600000000000e+05   1.0424100000000000e+05   7.7055000000000000e+04   5.4311000000000000e+04   3.9277000000000000e+04
   2.3414500000000000e+05   2.7965100000000000e+05   2.5499800000000000e+05   2.0523000000000000e+05   1.5661900000000000e+05   1.1681600000000000e+05   8.4980000000000000e+04   5.9244000000000000e+04   4.1012000000000000e+04   2.9207000000000000e+04
   2.3272500000000000e+05   2.6838200000000000e+05   2.3470300000000000e+05   1.8301700000000000e+05   1.3623600000000000e+05   9.7105000000000000e+04   6.8294000000000000e+04   4.5283000000000000e+04   3.1111000000000000e+04   2.1258000000000000e+04
   2.3240300000000000e+05   2.5653100000000000e+05   2.1632200000000000e+05   1.6197200000000000e+05   1.1646300000000000e+05   8.0045000000000000e+04   5.3502000000000000e+04   3.4903000000000000e+04   2.3217000000000000e+04   1.5094000000000000e+04
   2.3084900000000000e+05   2.4267300000000000e+05   1.9850400000000000e+05   1.4285500000000000e+05   9.7595000000000000e+04   6.5560000000000000e+04   4.1844000000000000e+04   2.6720000000000000e+04   1.6915000000000000e+04   1.0690000000000000e+04
   2.2889500000000000e+05   2.3141000000000000e+05   1.8104700000000000e+05   1.2498100000000000e+05   8.2353000000000000e+04   5.2998000000000000e+04   3.2266000000000000e+04   1.9989000000000000e+04   1.2255000000000000e+04   7.3230000000000000e+03
   2.2504100000000000e+05   2.1961300000000000e+05   1.6361400000000000e+05   1.0840800000000000e+05   6.8619000000000000e+04   4.1790000000000000e+04   2.4813000000000000e+04   1.4907000000000000e+04   8.7250000000000000e+03   5.1770000000000000e+03
   2.2130600000000000e+05   2.0666000000000000e+05   1.4718700000000000e+05   9.4880000000000000e+04   5.6737000000000000e+04   3.3231000000000000e+04   1.8921000000000000e+04   1.0844000000000000e+04   6.4650000000000000e+03   3.7680000000000000e+03
   2.1822300000000000e+05   1.9404700000000000e+05   1.3230000000000000e+05   8.2448000000000000e+04   4.6418000000000000e+04   2.5814000000000000e+04   1.4527000000000000e+04   7.9980000000000000e+03   4.5530000000000000e+03   2.6100000000000000e+03
   2.1455200000000000e+05   1.8093000000000000e+05   1.1791500000000000e+05   6.9797000000000000e+04   3.7960000000000000e+04   2.0406000000000000e+04   1.1019000000000000e+04   5.8070000000000000e+03   3.2330000000000000e+03   1.8550000000000000e+03
   2.1113900000000000e+05   1.6920600000000000e+05   1.0417900000000000e+05   5.9110000000000000e+04   3.1110000000000000e+04   1.5775000000000000e+04   8.2160000000000000e+03   4.3810000000000000e+03   2.3270000000000000e+03   1.2690000000000000e+03
   2.0607100000000000e+05   1.5711800000000000e+05   9.2324000000000000e+04   4.9433000000000000e+04   2.5024000000000000e+04   1.2226000000000000e+04   6.0780000000000000e+03   3.1400000000000000e+03   1.7300000000000000e+03   8.6300000000000000e+02
   2.0065700000000000e+05   1.4624800000000000e+05   8.1317000000000000e+04   4.2026000000000000e+04   1.9989000000000000e+04   9.5530000000000000e+03   4.6550000000000000e+03   2.3190000000000000e+03   1.1320000000000000e+03   5.7800000000000000e+02
   1.9487000000000000e+05   1.3660100000000000e+05   7.2479000000000000e+04   3.4954000000000000e+04   1.5481000000000000e+04   7.2670000000000000e+03   3.4130000000000000e+03   1.5460000000000000e+03   7.9100000000000000e+02   3.7400000000000000e+02
   1.9009500000000000e+05   1.2497800000000000e+05   6.3936000000000000e+04   2.8738000000000000e+04   1.2345000000000000e+04   5.5930000000000000e+03   2.4570000000000000e+03   1.0920000000000000e+03   5.9000000000000000e+02   2.9500000000000000e+02
   1.8447200000000000e+05   1.1468600000000000e+05   5.5850000000000000e+04   2.3379000000000000e+04   9.7780000000000000e+03   4.2890000000000000e+03   1.8470000000000000e+03   8.1000000000000000e+02   4.2000000000000000e+02   1.7700000000000000e+02
   1.7790200000000000e+05   1.0440700000000000e+05   4.8327000000000000e+04   1.9144000000000000e+04   8.0220000000000000e+03   3.3180000000000000e+03   1.3480000000000000e+03   6.1800000000000000e+02   2.8100000000000000e+02   1.1600000000000000e+02
   1.7286900000000000e+05   9.5219000000000000e+04   4.1394000000000000e+04   1.5645000000000000e+04   6.2640000000000000e+03   2.3050000000000000e+03   9.5500000000000000e+02   4.5800000000000000e+02   2.0900000000000000e+02   6.3000000000000000e+01
   1.6618300000000000e+05   8.6992000000000000e+04   3.4894000000000000e+04   1.2587000000000000e+04   4.8880000000000000e+03   1.8060000000000000e+03   6.6800000000000000e+02   3.6900000000000000e+02   1.1900000000000000e+02   4.3000000000000000e+01
   1.5762700000000000e+05   7.8549000000000000e+04   2.9839000000000000e+04   1.0304000000000000e+04   3.7360000000000000e+03   1.2910000000000000e+03   5.3500000000000000e+02   2.9800000000000000e+02   8.4000000000000000e+01   2.5000000000000000e+01
   1.5106800000000000e+05   7.1125000000000000e+04   2.4759000000000000e+04   8.5720000000000000e+03   2.6450000000000000e+03   9.4700000000000000e+02   4.1900000000000000e+02   1.8000000000000000e+02   4.7000000000000000e+01   2.1000000000000000e+01
   1.4423300000000000e+05   6.3484000000000000e+04   2.0750000000000000e+04   6.9720000000000000e+03   2.0730000000000000e+03   7.5500000000000000e+02   3.0800000000000000e+02   1.1200000000000000e+02   2.5000000000000000e+01   1.3000000000000000e+01
   1.3737700000000000e+05   5.6440000000000000e+04   1.7766000000000000e+04   5.6720000000000000e+03   1.5660000000000000e+03   5.6700000000000000e+02   2.5500000000000000e+02   6.0000000000000000e+01   1.0000000000000000e+01   9.0000000000000000e+00
   1.3200800000000000e+05   5.1063000000000000e+04   1.4813000000000000e+04   4.5830000000000000e+03   1.2390000000000000e+03   4.0900000000000000e+02   1.4900000000000000e+02   3.0000000000000000e+01   6.0000000000000000e+00   3.0000000000000000e+00
   0.0000000000000000e+00   0.0000000000000000e+00   0.0000000000000000e+00   0.0000000000000000e+00   0.0000000000000000e+00   0.0000000000000000e+00   0.0000000000000000e+00   0.0000000000000000e+00   0.0000000000000000e+00   0.0000000000000000e+00
