                      0.1                      0.2                      0.3                      0.4                      0.5                      0.6                      0.7                      0.8                      0.9                        1
   7.4830000000000000e+03   1.4176000000000000e+04   2.1717000000000000e+04   2.9404000000000000e+04   3.6552000000000000e+04   4.3725000000000000e+04   5.0359000000000000e+04   5.7405000000000000e+04   6.4465000000000000e+04   7.2677000000000000e+04
   2.2444000000000000e+04   4.2811000000000000e+04   6.4664000000000000e+04   8.6941000000000000e+04   1.0726000000000000e+05   1.3049000000000000e+05   1.4988700000000000e+05   1.7144100000000000e+05   1.9308900000000000e+05   2.1497800000000000e+05
   3.7152000000000000e+04   7.1191000000000000e+04   1.0688700000000000e+05   1.4310400000000000e+05   1.7796700000000000e+05   2.1331000000000000e+05   2.4457300000000000e+05   2.7842600000000000e+05   3.1391200000000000e+05   3.4809400000000000e+05
   5.1553000000000000e+04   9.8528000000000000e+04   1.4692200000000000e+05   1.9841100000000000e+05   2.4223900000000000e+05   2.9018600000000000e+05   3.3238100000000000e+05   3.7732900000000000e+05   4.2258100000000000e+05   4.6672400000000000e+05
   6.5747000000000000e+04   1.2433200000000000e+05   1.8639000000000000e+05   2.4916200000000000e+05   3.0359300000000000e+05   3.5962400000000000e+05   4.1327100000000000e+05   4.6647800000000000e+05   5.1538200000000000e+05   5.6886400000000000e+05
   7.9812000000000000e+04   1.5100500000000000e+05   2.2396800000000000e+05   2.9506500000000000e+05   3.5796400000000000e+05   4.2133000000000000e+05   4.8312000000000000e+05   5.3720300000000000e+05   5.9356200000000000e+05   6.4867500000000000e+05
   9.3167000000000000e+04   1.7535600000000000e+05   2.5756800000000000e+05   3.3739700000000000e+05   4.0645100000000000e+05   4.7238500000000000e+05   5.3787300000000000e+05   5.9513300000000000e+05   6.5058500000000000e+05   7.0395400000000000e+05
   1.0626000000000000e+05   2.0000000000000000e+05   2.9038100000000000e+05   3.7487800000000000e+05   4.4667300000000000e+05   5.1587600000000000e+05   5.7981700000000000e+05   6.3539900000000000e+05   6.8899000000000000e+05   7.3725800000000000e+05
   1.1862800000000000e+05   2.2065200000000000e+05   3.1696600000000000e+05   4.0681700000000000e+05   4.7920000000000000e+05   5.4687100000000000e+05   6.0695000000000000e+05   6.5958700000000000e+05   7.0863100000000000e+05   7.4810200000000000e+05
   1.3058700000000000e+05   2.3999000000000000e+05   3.4264000000000000e+05   4.3093800000000000e+05   5.0341900000000000e+05   5.6664300000000000e+05   6.2196500000000000e+05   6.6752300000000000e+05   7.0795000000000000e+05   7.3919300000000000e+05
   1.4256700000000000e+05   2.5892100000000000e+05   3.6233800000000000e+05   4.5036500000000000e+05   5.2008400000000000e+05   5.7895400000000000e+05   6.2303300000000000e+05   6.6088000000000000e+05   6.9195500000000000e+05   7.0846000000000000e+05
   1.5402100000000000e+05   2.7541300000000000e+05   3.8014300000000000e+05   4.6536500000000000e+05   5.3018800000000000e+05   5.7837100000000000e+05   6.1394100000000000e+05   6.4154500000000000e+05   6.6000800000000000e+05   6.6574700000000000e+05
   1.6398600000000000e+05   2.8892100000000000e+05   3.9312500000000000e+05   4.7131400000000000e+05   5.3007200000000000e+05   5.6968000000000000e+05   5.9663900000000000e+05   6.1165800000000000e+05   6.1778800000000000e+05   6.1283200000000000e+05
   1.7421000000000000e+05   3.0180600000000000e+05   4.0166300000000000e+05   4.7415000000000000e+05   5.2263400000000000e+05   5.5043000000000000e+05   5.6739300000000000e+05   5.7216700000000000e+05   5.6743300000000000e+05   5.5166100000000000e+05
   1.8303500000000000e+05   3.1304800000000000e+05   4.0681700000000000e+05   4.7095900000000000e+05   5.0972000000000000e+05   5.2808100000000000e+05   5.3108800000000000e+05   5.2759800000000000e+05   5.1299500000000000e+05   4.8930300000000000e+05
   1.9051100000000000e+05   3.2038000000000000e+05   4.0926200000000000e+05   4.6166900000000000e+05   4.9088200000000000e+05   4.9690200000000000e+05   4.9146100000000000e+05   4.7761100000000000e+05   4.5203800000000000e+05   4.2345000000000000e+05
   1.9994400000000000e+05   3.2704100000000000e+05   4.0916400000000000e+05   4.5055400000000000e+05   4.6794400000000000e+05   4.6298100000000000e+05   4.4763500000000000e+05   4.2544900000000000e+05   3.9567700000000000e+05   3.6349400000000000e+05
   2.0571000000000000e+05   3.3195500000000000e+05   4.0407100000000000e+05   4.3350500000000000e+05   4.4157400000000000e+05   4.2882100000000000e+05   4.0392300000000000e+05   3.7285400000000000e+05   3.3807800000000000e+05   3.0512500000000000e+05
   2.1289200000000000e+05   3.3402000000000000e+05   3.9585600000000000e+05   4.1553500000000000e+05   4.1181400000000000e+05   3.8918200000000000e+05   3.5825600000000000e+05   3.2358700000000000e+05   2.8584100000000000e+05   2.5212300000000000e+05
   2.1868000000000000e+05   3.3413700000000000e+05   3.8663000000000000e+05   3.9351900000000000e+05   3.8192700000000000e+05   3.5007900000000000e+05   3.1498100000000000e+05   2.7656000000000000e+05   2.3831700000000000e+05   2.0396500000000000e+05
   2.2343200000000000e+05   3.3223100000000000e+05   3.7302700000000000e+05   3.6824400000000000e+05   3.4776900000000000e+05   3.1253200000000000e+05   2.7390900000000000e+05   2.3386000000000000e+05   1.9542600000000000e+05   1.6208500000000000e+05
   2.2705100000000000e+05   3.2767600000000000e+05   3.5865400000000000e+05   3.4568900000000000e+05   3.1623400000000000e+05   2.7442300000000000e+05   2.3367800000000000e+05   1.9431000000000000e+05   1.5721200000000000e+05   1.2768000000000000e+05
   2.3048700000000000e+05   3.2510700000000000e+05   3.4267300000000000e+05   3.2089300000000000e+05   2.8494900000000000e+05   2.3986000000000000e+05   1.9857200000000000e+05   1.6017500000000000e+05   1.2520200000000000e+05   9.8819000000000000e+04
   2.3273200000000000e+05   3.1798400000000000e+05   3.2514000000000000e+05   2.9433400000000000e+05   2.5380600000000000e+05   2.0708100000000000e+05   1.6648700000000000e+05   1.2877300000000000e+05   9.8840000000000000e+04   7.5140000000000000e+04
   2.3492000000000000e+05   3.0902600000000000e+05   3.0630100000000000e+05   2.6847200000000000e+05   2.2326500000000000e+05   1.7696800000000000e+05   1.3674900000000000e+05   1.0229700000000000e+05   7.6040000000000000e+04   5.6233000000000000e+04
   2.3606500000000000e+05   3.0197000000000000e+05   2.8894100000000000e+05   2.4492200000000000e+05   1.9562200000000000e+05   1.4966900000000000e+05   1.1192200000000000e+05   8.0979000000000000e+04   5.8053000000000000e+04   4.1478000000000000e+04
   2.3615100000000000e+05   2.9207300000000000e+05   2.6966000000000000e+05   2.1940300000000000e+05   1.6894600000000000e+05   1.2543600000000000e+05   9.0507000000000000e+04   6.3215000000000000e+04   4.3999000000000000e+04   3.0609000000000000e+04
   2.3583200000000000e+05   2.8009400000000000e+05   2.4855400000000000e+05   1.9613400000000000e+05   1.4561500000000000e+05   1.0400300000000000e+05   7.1985000000000000e+04   4.8396000000000000e+04   3.2610000000000000e+04   2.1892000000000000e+04
   2.3511000000000000e+05   2.6929300000000000e+05   2.2990400000000000e+05   1.7318900000000000e+05   1.2361700000000000e+05   8.5217000000000000e+04   5.6993000000000000e+04   3.6459000000000000e+04   2.3903000000000000e+04   1.5413000000000000e+04
   2.3399700000000000e+05   2.5590600000000000e+05   2.1144700000000000e+05   1.5400700000000000e+05   1.0379300000000000e+05   6.9708000000000000e+04   4.4419000000000000e+04   2.7851000000000000e+04   1.6979000000000000e+04   1.0587000000000000e+04
   2.3130800000000000e+05   2.4419400000000000e+05   1.9271500000000000e+05   1.3428200000000000e+05   8.7441000000000000e+04   5.5958000000000000e+04   3.4099000000000000e+04   2.0201000000000000e+04   1.1999000000000000e+04   7.1960000000000000e+03
   2.2779700000000000e+05   2.3252300000000000e+05   1.7522900000000000e+05   1.1686800000000000e+05   7.2173000000000000e+04   4.4251000000000000e+04   2.5680000000000000e+04   1.4998000000000000e+04   8.6060000000000000e+03   4.8580000000000000e+03
   2.2565400000000000e+05   2.1971400000000000e+05   1.5783200000000000e+05   1.0124200000000000e+05   5.9500000000000000e+04   3.4795000000000000e+04   1.9455000000000000e+04   1.1340000000000000e+04   5.9190000000000000e+03   3.2740000000000000e+03
   2.2324300000000000e+05   2.0708400000000000e+05   1.4199700000000000e+05   8.6454000000000000e+04   4.8216000000000000e+04   2.7158000000000000e+04   1.4455000000000000e+04   8.1220000000000000e+03   4.0860000000000000e+03   2.0910000000000000e+03
   2.1845700000000000e+05   1.9454700000000000e+05   1.2685700000000000e+05   7.3868000000000000e+04   3.8982000000000000e+04   2.1295000000000000e+04   1.0909000000000000e+04   5.8300000000000000e+03   2.6950000000000000e+03   1.3650000000000000e+03
   2.1463000000000000e+05   1.8163700000000000e+05   1.1343700000000000e+05   6.2619000000000000e+04   3.1516000000000000e+04   1.6373000000000000e+04   8.0520000000000000e+03   4.0730000000000000e+03   1.7550000000000000e+03   9.0500000000000000e+02
   2.0956200000000000e+05   1.6947900000000000e+05   1.0087000000000000e+05   5.2689000000000000e+04   2.5304000000000000e+04   1.2507000000000000e+04   5.7720000000000000e+03   2.8660000000000000e+03   1.1310000000000000e+03   5.6000000000000000e+02
   2.0530500000000000e+05   1.5694100000000000e+05   8.8508000000000000e+04   4.4216000000000000e+04   1.9951000000000000e+04   9.3310000000000000e+03   4.1920000000000000e+03   2.0350000000000000e+03   7.6500000000000000e+02   3.1100000000000000e+02
   1.9939200000000000e+05   1.4531800000000000e+05   7.7129000000000000e+04   3.6661000000000000e+04   1.5831000000000000e+04   7.0710000000000000e+03   2.9470000000000000e+03   1.4400000000000000e+03   5.1000000000000000e+02   2.2400000000000000e+02
   1.9415800000000000e+05   1.3443400000000000e+05   6.7836000000000000e+04   3.0099000000000000e+04   1.2763000000000000e+04   5.1960000000000000e+03   2.0760000000000000e+03   9.5800000000000000e+02   3.0800000000000000e+02   1.3800000000000000e+02
   1.8796300000000000e+05   1.2315700000000000e+05   5.8768000000000000e+04   2.4776000000000000e+04   9.8550000000000000e+03   3.7000000000000000e+03   1.4920000000000000e+03   6.2400000000000000e+02   2.0400000000000000e+02   7.5000000000000000e+01
   1.8275800000000000e+05   1.1327700000000000e+05   5.1234000000000000e+04   2.0064000000000000e+04   7.8270000000000000e+03   2.7320000000000000e+03   9.7300000000000000e+02   3.7800000000000000e+02   1.1700000000000000e+02   4.6000000000000000e+01
   1.7575600000000000e+05   1.0276900000000000e+05   4.4256000000000000e+04   1.6678000000000000e+04   5.9310000000000000e+03   1.9610000000000000e+03   6.3200000000000000e+02   2.5300000000000000e+02   7.0000000000000000e+01   3.1000000000000000e+01
   1.6987600000000000e+05   9.3200000000000000e+04   3.7397000000000000e+04   1.3207000000000000e+04   4.5090000000000000e+03   1.4620000000000000e+03   4.8600000000000000e+02   1.8000000000000000e+02   3.2000000000000000e+01   2.0000000000000000e+01
   1.6337300000000000e+05   8.4954000000000000e+04   3.1866000000000000e+04   1.0350000000000000e+04   3.4820000000000000e+03   9.8800000000000000e+02   2.6600000000000000e+02   1.0100000000000000e+02   1.1000000000000000e+01   1.1000000000000000e+01
   1.5622100000000000e+05   7.6560000000000000e+04   2.7401000000000000e+04   8.3400000000000000e+03   2.6650000000000000e+03   6.8600000000000000e+02   1.7200000000000000e+02   6.9000000000000000e+01   8.0000000000000000e+00   1.0000000000000000e+01
   1.5048600000000000e+05   6.8585000000000000e+04   2.2837000000000000e+04   6.5190000000000000e+03   2.0200000000000000e+03   4.7400000000000000e+02   1.0800000000000000e+02   4.3000000000000000e+01   3.0000000000000000e+00   9.0000000000000000e+00
   1.4347200000000000e+05   6.2121000000000000e+04   1.9332000000000000e+04   5.0120000000000000e+03   1.5640000000000000e+03   3.3300000000000000e+02   7.0000000000000000e+01   2.9000000000000000e+01   0.0000000000000000e+00   8.0000000000000000e+00
   1.3717600000000000e+05   5.5285000000000000e+04   1.6214000000000000e+04   4.0750000000000000e+03   1.1630000000000000e+03   2.2900000000000000e+02   5.4000000000000000e+01   1.3000000000000000e+01   0.0000000000000000e+00   9.0000000000000000e+00
   0.0000000000000000e+00   0.0000000000000000e+00   0.0000000000000000e+00   0.0000000000000000e+00   0.0000000000000000e+00   0.0000000000000000e+00   0.0000000000000000e+00   0.0000000000000000e+00   0.0000000000000000e+00   0.0000000000000000e+00
