                      0.1                      0.2                      0.3                      0.4                      0.5                      0.6                      0.7                      0.8                      0.9                        1
   1.5300000000000000e+02   4.2000000000000000e+02   7.8100000000000000e+02   1.2770000000000000e+03   1.6080000000000000e+03   2.1640000000000000e+03   2.6940000000000000e+03   3.2170000000000000e+03   3.8020000000000000e+03   4.5050000000000000e+03
   1.1630000000000000e+03   2.8370000000000000e+03   5.3930000000000000e+03   8.0450000000000000e+03   1.1067000000000000e+04   1.4805000000000000e+04   1.8521000000000000e+04   2.2299000000000000e+04   2.6269000000000000e+04   3.0706000000000000e+04
   3.2460000000000000e+03   7.9470000000000000e+03   1.4253000000000000e+04   2.1336000000000000e+04   2.9424000000000000e+04   3.9238000000000000e+04   4.8588000000000000e+04   5.8850000000000000e+04   6.9753000000000000e+04   8.0075000000000000e+04
   5.7120000000000000e+03   1.4905000000000000e+04   2.6721000000000000e+04   4.0554000000000000e+04   5.5819000000000000e+04   7.3174000000000000e+04   9.1127000000000000e+04   1.0999100000000000e+05   1.2918500000000000e+05   1.4755000000000000e+05
   9.2230000000000000e+03   2.4063000000000000e+04   4.3057000000000000e+04   6.4716000000000000e+04   8.8725000000000000e+04   1.1579700000000000e+05   1.4311100000000000e+05   1.7219400000000000e+05   1.9959200000000000e+05   2.2833000000000000e+05
   1.3578000000000000e+04   3.5464000000000000e+04   6.2688000000000000e+04   9.4202000000000000e+04   1.2838900000000000e+05   1.6456600000000000e+05   2.0199600000000000e+05   2.4022500000000000e+05   2.7868300000000000e+05   3.1478500000000000e+05
   1.8745000000000000e+04   4.8417000000000000e+04   8.5663000000000000e+04   1.2668900000000000e+05   1.7096600000000000e+05   2.1698400000000000e+05   2.6440200000000000e+05   3.1064400000000000e+05   3.5712200000000000e+05   4.0105400000000000e+05
   2.4296000000000000e+04   6.2725000000000000e+04   1.0985700000000000e+05   1.6149300000000000e+05   2.1665400000000000e+05   2.7135300000000000e+05   3.2576200000000000e+05   3.7851800000000000e+05   4.3073700000000000e+05   4.8075400000000000e+05
   3.0448000000000000e+04   7.8447000000000000e+04   1.3630000000000000e+05   1.9807100000000000e+05   2.6151200000000000e+05   3.2321000000000000e+05   3.8402600000000000e+05   4.4220100000000000e+05   4.9400000000000000e+05   5.4576900000000000e+05
   3.7497000000000000e+04   9.5231000000000000e+04   1.6402500000000000e+05   2.3480600000000000e+05   3.0431800000000000e+05   3.7142500000000000e+05   4.3695000000000000e+05   4.9418900000000000e+05   5.4617500000000000e+05   5.9465700000000000e+05
   4.4766000000000000e+04   1.1336400000000000e+05   1.9167700000000000e+05   2.7103800000000000e+05   3.4409400000000000e+05   4.1481500000000000e+05   4.7870500000000000e+05   5.3641600000000000e+05   5.8471600000000000e+05   6.2901900000000000e+05
   5.2839000000000000e+04   1.3166300000000000e+05   2.1792700000000000e+05   3.0311400000000000e+05   3.7969600000000000e+05   4.5075900000000000e+05   5.1289900000000000e+05   5.6558000000000000e+05   6.0861300000000000e+05   6.4757500000000000e+05
   6.1146000000000000e+04   1.5056400000000000e+05   2.4440800000000000e+05   3.3278800000000000e+05   4.1203000000000000e+05   4.7835900000000000e+05   5.3729800000000000e+05   5.8290200000000000e+05   6.1703200000000000e+05   6.4636000000000000e+05
   6.9807000000000000e+04   1.6914700000000000e+05   2.6840300000000000e+05   3.6122700000000000e+05   4.3890200000000000e+05   5.0097600000000000e+05   5.5115200000000000e+05   5.8828500000000000e+05   6.1258200000000000e+05   6.2730800000000000e+05
   7.9034000000000000e+04   1.8659700000000000e+05   2.9198700000000000e+05   3.8237600000000000e+05   4.5708900000000000e+05   5.1294800000000000e+05   5.5396400000000000e+05   5.8205900000000000e+05   5.9441900000000000e+05   5.9808900000000000e+05
   8.8059000000000000e+04   2.0395000000000000e+05   3.1241500000000000e+05   4.0087200000000000e+05   4.7156400000000000e+05   5.1697300000000000e+05   5.4713400000000000e+05   5.6159900000000000e+05   5.6266600000000000e+05   5.5442600000000000e+05
   9.7499000000000000e+04   2.2052400000000000e+05   3.3220800000000000e+05   4.1478600000000000e+05   4.7614100000000000e+05   5.1271400000000000e+05   5.3063300000000000e+05   5.3144800000000000e+05   5.2343300000000000e+05   5.0258800000000000e+05
   1.0771300000000000e+05   2.3749900000000000e+05   3.4691600000000000e+05   4.2474200000000000e+05   4.7664500000000000e+05   5.0088500000000000e+05   5.0439500000000000e+05   4.9491600000000000e+05   4.7568700000000000e+05   4.4736300000000000e+05
   1.1635700000000000e+05   2.5404000000000000e+05   3.5798900000000000e+05   4.2910200000000000e+05   4.6786700000000000e+05   4.8218900000000000e+05   4.7416200000000000e+05   4.5237700000000000e+05   4.2483800000000000e+05   3.9135500000000000e+05
   1.2511200000000000e+05   2.6726300000000000e+05   3.6771400000000000e+05   4.2998700000000000e+05   4.5533900000000000e+05   4.5892500000000000e+05   4.3827700000000000e+05   4.0759500000000000e+05   3.7239400000000000e+05   3.3479200000000000e+05
   1.3415400000000000e+05   2.7680300000000000e+05   3.7431100000000000e+05   4.2670000000000000e+05   4.3912000000000000e+05   4.2907900000000000e+05   4.0097700000000000e+05   3.6101000000000000e+05   3.2219100000000000e+05   2.8196300000000000e+05
   1.4369600000000000e+05   2.8552100000000000e+05   3.7745900000000000e+05   4.1644100000000000e+05   4.1708200000000000e+05   3.9535800000000000e+05   3.6038000000000000e+05   3.1583700000000000e+05   2.7392100000000000e+05   2.3303800000000000e+05
   1.5274900000000000e+05   2.9517900000000000e+05   3.7546200000000000e+05   4.0452500000000000e+05   3.9270500000000000e+05   3.6220400000000000e+05   3.1752800000000000e+05   2.7232700000000000e+05   2.3051900000000000e+05   1.8819300000000000e+05
   1.6148400000000000e+05   3.0154000000000000e+05   3.7058300000000000e+05   3.8882200000000000e+05   3.6629300000000000e+05   3.2488900000000000e+05   2.7608600000000000e+05   2.3180400000000000e+05   1.8813000000000000e+05   1.4996400000000000e+05
   1.6954400000000000e+05   3.0591000000000000e+05   3.6453800000000000e+05   3.6826900000000000e+05   3.3696000000000000e+05   2.8889000000000000e+05   2.3781800000000000e+05   1.9314700000000000e+05   1.5192100000000000e+05   1.1828000000000000e+05
   1.7701900000000000e+05   3.0767500000000000e+05   3.5703100000000000e+05   3.4600700000000000e+05   3.0602000000000000e+05   2.5368600000000000e+05   2.0291000000000000e+05   1.5832400000000000e+05   1.2155900000000000e+05   9.2257000000000000e+04
   1.8485400000000000e+05   3.0932100000000000e+05   3.4611200000000000e+05   3.2401700000000000e+05   2.7554600000000000e+05   2.2141500000000000e+05   1.7220800000000000e+05   1.2937500000000000e+05   9.6162000000000000e+04   7.0639000000000000e+04
   1.9136000000000000e+05   3.0721000000000000e+05   3.3427900000000000e+05   3.0046400000000000e+05   2.4692900000000000e+05   1.9202800000000000e+05   1.4313600000000000e+05   1.0479300000000000e+05   7.5725000000000000e+04   5.3480000000000000e+04
   1.9594500000000000e+05   3.0534100000000000e+05   3.2086600000000000e+05   2.7548300000000000e+05   2.1814600000000000e+05   1.6355200000000000e+05   1.1761600000000000e+05   8.2905000000000000e+04   5.8101000000000000e+04   3.9884000000000000e+04
   2.0100200000000000e+05   3.0128700000000000e+05   3.0394800000000000e+05   2.5208100000000000e+05   1.9237200000000000e+05   1.3823900000000000e+05   9.5767000000000000e+04   6.5513000000000000e+04   4.3492000000000000e+04   2.9234000000000000e+04
   2.0592500000000000e+05   2.9623800000000000e+05   2.8729800000000000e+05   2.2836000000000000e+05   1.6764500000000000e+05   1.1556400000000000e+05   7.7326000000000000e+04   5.1027000000000000e+04   3.2952000000000000e+04   2.1441000000000000e+04
   2.1016500000000000e+05   2.9067300000000000e+05   2.6784100000000000e+05   2.0520000000000000e+05   1.4357300000000000e+05   9.6112000000000000e+04   6.2173000000000000e+04   3.9158000000000000e+04   2.4897000000000000e+04   1.5213000000000000e+04
   2.1401100000000000e+05   2.8534600000000000e+05   2.4992400000000000e+05   1.8287500000000000e+05   1.2331000000000000e+05   7.8651000000000000e+04   4.9032000000000000e+04   2.9491000000000000e+04   1.8266000000000000e+04   1.1082000000000000e+04
   2.1602500000000000e+05   2.7572900000000000e+05   2.3219000000000000e+05   1.6226800000000000e+05   1.0429000000000000e+05   6.4307000000000000e+04   3.8472000000000000e+04   2.2693000000000000e+04   1.3025000000000000e+04   7.7410000000000000e+03
   2.1673400000000000e+05   2.6587800000000000e+05   2.1366400000000000e+05   1.4335200000000000e+05   8.8715000000000000e+04   5.1383000000000000e+04   2.9724000000000000e+04   1.6983000000000000e+04   9.6100000000000000e+03   5.4220000000000000e+03
   2.1730100000000000e+05   2.5568600000000000e+05   1.9463000000000000e+05   1.2633100000000000e+05   7.3408000000000000e+04   4.0996000000000000e+04   2.2549000000000000e+04   1.2612000000000000e+04   6.8630000000000000e+03   3.7440000000000000e+03
   2.1865000000000000e+05   2.4479300000000000e+05   1.7698900000000000e+05   1.0886500000000000e+05   6.1103000000000000e+04   3.2465000000000000e+04   1.7317000000000000e+04   9.1880000000000000e+03   4.9890000000000000e+03   2.4340000000000000e+03
   2.2059100000000000e+05   2.3403300000000000e+05   1.5976300000000000e+05   9.3720000000000000e+04   5.0104000000000000e+04   2.5835000000000000e+04   1.3466000000000000e+04   6.7130000000000000e+03   3.4160000000000000e+03   1.5330000000000000e+03
   2.2073000000000000e+05   2.2410800000000000e+05   1.4453300000000000e+05   8.0054000000000000e+04   4.0862000000000000e+04   2.0298000000000000e+04   9.8030000000000000e+03   4.7540000000000000e+03   2.2270000000000000e+03   9.8200000000000000e+02
   2.2042400000000000e+05   2.1156600000000000e+05   1.3005500000000000e+05   6.8917000000000000e+04   3.3333000000000000e+04   1.5786000000000000e+04   7.3530000000000000e+03   3.4190000000000000e+03   1.4020000000000000e+03   6.5300000000000000e+02
   2.2031000000000000e+05   2.0175200000000000e+05   1.1664600000000000e+05   5.7757000000000000e+04   2.6108000000000000e+04   1.2049000000000000e+04   5.2920000000000000e+03   2.4010000000000000e+03   8.9700000000000000e+02   3.9500000000000000e+02
   2.1937900000000000e+05   1.8886300000000000e+05   1.0300300000000000e+05   4.7686000000000000e+04   2.1236000000000000e+04   9.3880000000000000e+03   3.9110000000000000e+03   1.6800000000000000e+03   5.8500000000000000e+02   2.7600000000000000e+02
   2.1718100000000000e+05   1.7550900000000000e+05   9.0158000000000000e+04   3.9624000000000000e+04   1.7055000000000000e+04   7.0040000000000000e+03   2.8910000000000000e+03   1.1620000000000000e+03   3.9600000000000000e+02   1.7600000000000000e+02
   2.1404500000000000e+05   1.6362100000000000e+05   7.8690000000000000e+04   3.2398000000000000e+04   1.3490000000000000e+04   5.2240000000000000e+03   2.0360000000000000e+03   7.5700000000000000e+02   2.4600000000000000e+02   1.1300000000000000e+02
   2.1016500000000000e+05   1.5085900000000000e+05   6.9566000000000000e+04   2.6668000000000000e+04   1.0463000000000000e+04   3.8460000000000000e+03   1.5340000000000000e+03   5.1400000000000000e+02   1.5900000000000000e+02   6.9000000000000000e+01
   2.0635600000000000e+05   1.3873700000000000e+05   5.9626000000000000e+04   2.2198000000000000e+04   8.5130000000000000e+03   2.9290000000000000e+03   1.1180000000000000e+03   4.0900000000000000e+02   9.8000000000000000e+01   4.6000000000000000e+01
   2.0446100000000000e+05   1.2695300000000000e+05   5.0935000000000000e+04   1.8354000000000000e+04   6.7320000000000000e+03   2.2630000000000000e+03   7.2900000000000000e+02   3.0200000000000000e+02   4.7000000000000000e+01   3.2000000000000000e+01
   1.9929000000000000e+05   1.1719000000000000e+05   4.3567000000000000e+04   1.5143000000000000e+04   4.9850000000000000e+03   1.7100000000000000e+03   5.4000000000000000e+02   1.8700000000000000e+02   3.5000000000000000e+01   1.7000000000000000e+01
   1.9565900000000000e+05   1.0596100000000000e+05   3.7100000000000000e+04   1.2317000000000000e+04   3.9790000000000000e+03   1.1920000000000000e+03   3.8500000000000000e+02   1.1700000000000000e+02   3.5000000000000000e+01   4.0000000000000000e+00
   0.0000000000000000e+00   0.0000000000000000e+00   0.0000000000000000e+00   0.0000000000000000e+00   0.0000000000000000e+00   0.0000000000000000e+00   0.0000000000000000e+00   0.0000000000000000e+00   0.0000000000000000e+00   0.0000000000000000e+00
