                      0.1                      0.2                      0.3                      0.4                      0.5                      0.6                      0.7                      0.8                      0.9                        1
   1.3300000000000000e+02   4.1200000000000000e+02   7.4100000000000000e+02   1.1390000000000000e+03   1.6460000000000000e+03   2.1120000000000000e+03   2.6440000000000000e+03   3.3420000000000000e+03   3.7760000000000000e+03   4.5370000000000000e+03
   1.0300000000000000e+03   2.7120000000000000e+03   5.1780000000000000e+03   7.9610000000000000e+03   1.1040000000000000e+04   1.4755000000000000e+04   1.8811000000000000e+04   2.2788000000000000e+04   2.6191000000000000e+04   3.1245000000000000e+04
   2.7240000000000000e+03   7.4250000000000000e+03   1.4120000000000000e+04   2.1548000000000000e+04   2.9928000000000000e+04   3.9048000000000000e+04   4.9719000000000000e+04   6.0863000000000000e+04   7.0214000000000000e+04   8.2550000000000000e+04
   5.3730000000000000e+03   1.4428000000000000e+04   2.6914000000000000e+04   4.1657000000000000e+04   5.7252000000000000e+04   7.3956000000000000e+04   9.3050000000000000e+04   1.1291300000000000e+05   1.3210200000000000e+05   1.5456300000000000e+05
   8.8250000000000000e+03   2.3776000000000000e+04   4.3927000000000000e+04   6.7140000000000000e+04   9.2028000000000000e+04   1.1822200000000000e+05   1.4787300000000000e+05   1.7811400000000000e+05   2.0733300000000000e+05   2.4111100000000000e+05
   1.2928000000000000e+04   3.5278000000000000e+04   6.3848000000000000e+04   9.6626000000000000e+04   1.3140500000000000e+05   1.6866400000000000e+05   2.0987000000000000e+05   2.5058900000000000e+05   2.9115400000000000e+05   3.3443100000000000e+05
   1.7889000000000000e+04   4.8537000000000000e+04   8.6984000000000000e+04   1.3085500000000000e+05   1.7682200000000000e+05   2.2413300000000000e+05   2.7549000000000000e+05   3.2811300000000000e+05   3.7786100000000000e+05   4.2916600000000000e+05
   2.3399000000000000e+04   6.2963000000000000e+04   1.1212500000000000e+05   1.6740900000000000e+05   2.2326000000000000e+05   2.8185300000000000e+05   3.4232600000000000e+05   4.0269600000000000e+05   4.5915400000000000e+05   5.1870300000000000e+05
   3.0080000000000000e+04   7.9372000000000000e+04   1.3925900000000000e+05   2.0567200000000000e+05   2.7188500000000000e+05   3.3912600000000000e+05   4.0683700000000000e+05   4.7378500000000000e+05   5.3350700000000000e+05   5.9638900000000000e+05
   3.7319000000000000e+04   9.6601000000000000e+04   1.6777800000000000e+05   2.4369000000000000e+05   3.1901400000000000e+05   3.9308500000000000e+05   4.6681600000000000e+05   5.3530400000000000e+05   5.9761700000000000e+05   6.5801300000000000e+05
   4.4640000000000000e+04   1.1517600000000000e+05   1.9643600000000000e+05   2.8205600000000000e+05   3.6292100000000000e+05   4.4272200000000000e+05   5.1653800000000000e+05   5.8570800000000000e+05   6.4438000000000000e+05   6.9857700000000000e+05
   5.3232000000000000e+04   1.3434600000000000e+05   2.2540700000000000e+05   3.1730100000000000e+05   4.0438900000000000e+05   4.8392600000000000e+05   5.5767700000000000e+05   6.1992600000000000e+05   6.7437700000000000e+05   7.1835000000000000e+05
   6.0868000000000000e+04   1.5309100000000000e+05   2.5139200000000000e+05   3.5067700000000000e+05   4.3789800000000000e+05   5.1656600000000000e+05   5.8634500000000000e+05   6.4160000000000000e+05   6.8609800000000000e+05   7.2172000000000000e+05
   7.0013000000000000e+04   1.7251700000000000e+05   2.7918300000000000e+05   3.7940800000000000e+05   4.6820500000000000e+05   5.3906000000000000e+05   6.0411000000000000e+05   6.4650600000000000e+05   6.8136500000000000e+05   7.0236500000000000e+05
   7.9384000000000000e+04   1.9251800000000000e+05   3.0370000000000000e+05   4.0661500000000000e+05   4.9057200000000000e+05   5.5416300000000000e+05   6.0501700000000000e+05   6.3718700000000000e+05   6.5978000000000000e+05   6.6833300000000000e+05
   8.8387000000000000e+04   2.1064700000000000e+05   3.2634400000000000e+05   4.2573600000000000e+05   5.0459900000000000e+05   5.5930800000000000e+05   5.9586200000000000e+05   6.1889400000000000e+05   6.2530000000000000e+05   6.1912100000000000e+05
   9.7073000000000000e+04   2.2718600000000000e+05   3.4661300000000000e+05   4.4303500000000000e+05   5.1065600000000000e+05   5.5544600000000000e+05   5.7821300000000000e+05   5.8622500000000000e+05   5.7945200000000000e+05   5.6227900000000000e+05
   1.0658100000000000e+05   2.4392600000000000e+05   3.6410900000000000e+05   4.5344400000000000e+05   5.1032800000000000e+05   5.4376100000000000e+05   5.5113300000000000e+05   5.4661200000000000e+05   5.2954500000000000e+05   4.9955800000000000e+05
   1.1563500000000000e+05   2.5890500000000000e+05   3.7684800000000000e+05   4.5732300000000000e+05   5.0302900000000000e+05   5.2301900000000000e+05   5.1875600000000000e+05   4.9906800000000000e+05   4.7256100000000000e+05   4.3666500000000000e+05
   1.2476100000000000e+05   2.7341700000000000e+05   3.8695900000000000e+05   4.5760100000000000e+05   4.8972900000000000e+05   4.9771500000000000e+05   4.7922400000000000e+05   4.4913400000000000e+05   4.1297400000000000e+05   3.7249100000000000e+05
   1.3466300000000000e+05   2.8552700000000000e+05   3.9253000000000000e+05   4.5472300000000000e+05   4.7075200000000000e+05   4.6540700000000000e+05   4.3555200000000000e+05   3.9809400000000000e+05   3.5763900000000000e+05   3.1094900000000000e+05
   1.4363000000000000e+05   2.9657400000000000e+05   3.9546900000000000e+05   4.4219900000000000e+05   4.4826700000000000e+05   4.2964200000000000e+05   3.9122100000000000e+05   3.4646800000000000e+05   3.0397100000000000e+05   2.5708700000000000e+05
   1.5290200000000000e+05   3.0515400000000000e+05   3.9488800000000000e+05   4.3214100000000000e+05   4.2031500000000000e+05   3.9237200000000000e+05   3.4632300000000000e+05   2.9794200000000000e+05   2.5286600000000000e+05   2.0801300000000000e+05
   1.6119700000000000e+05   3.1254700000000000e+05   3.9079800000000000e+05   4.1368500000000000e+05   3.9226100000000000e+05   3.5250200000000000e+05   3.0259600000000000e+05   2.5241700000000000e+05   2.0760500000000000e+05   1.6502800000000000e+05
   1.6979100000000000e+05   3.1813800000000000e+05   3.8692300000000000e+05   3.9319400000000000e+05   3.6114100000000000e+05   3.1360000000000000e+05   2.6142100000000000e+05   2.1157500000000000e+05   1.6779200000000000e+05   1.2914800000000000e+05
   1.7721900000000000e+05   3.2105800000000000e+05   3.7613100000000000e+05   3.7063200000000000e+05   3.2866900000000000e+05   2.7744900000000000e+05   2.2278500000000000e+05   1.7258000000000000e+05   1.3281600000000000e+05   9.8991000000000000e+04
   1.8550400000000000e+05   3.2400700000000000e+05   3.6657500000000000e+05   3.4580600000000000e+05   2.9664600000000000e+05   2.4083100000000000e+05   1.8743800000000000e+05   1.4054800000000000e+05   1.0381900000000000e+05   7.5256000000000000e+04
   1.9226500000000000e+05   3.2400100000000000e+05   3.5123400000000000e+05   3.2111700000000000e+05   2.6524400000000000e+05   2.0614600000000000e+05   1.5585800000000000e+05   1.1243200000000000e+05   7.9821000000000000e+04   5.5935000000000000e+04
   1.9936600000000000e+05   3.2228100000000000e+05   3.3758900000000000e+05   2.9471900000000000e+05   2.3470500000000000e+05   1.7656500000000000e+05   1.2721600000000000e+05   8.7692000000000000e+04   6.0269000000000000e+04   4.0852000000000000e+04
   2.0519200000000000e+05   3.1837200000000000e+05   3.2025200000000000e+05   2.6953800000000000e+05   2.0695400000000000e+05   1.4843100000000000e+05   1.0289600000000000e+05   6.8596000000000000e+04   4.5149000000000000e+04   2.9552000000000000e+04
   2.1006800000000000e+05   3.1329400000000000e+05   3.0088800000000000e+05   2.4384000000000000e+05   1.7939500000000000e+05   1.2454500000000000e+05   8.1225000000000000e+04   5.1838000000000000e+04   3.2505000000000000e+04   2.0828000000000000e+04
   2.1372700000000000e+05   3.0498800000000000e+05   2.8309500000000000e+05   2.1924600000000000e+05   1.5459500000000000e+05   1.0281500000000000e+05   6.4745000000000000e+04   3.9696000000000000e+04   2.3696000000000000e+04   1.4512000000000000e+04
   2.1850200000000000e+05   2.9797200000000000e+05   2.6327600000000000e+05   1.9457800000000000e+05   1.3281600000000000e+05   8.3435000000000000e+04   5.0454000000000000e+04   2.9756000000000000e+04   1.7052000000000000e+04   9.9110000000000000e+03
   2.2250800000000000e+05   2.8797100000000000e+05   2.4493300000000000e+05   1.7282000000000000e+05   1.1150700000000000e+05   6.7294000000000000e+04   3.8827000000000000e+04   2.2069000000000000e+04   1.1885000000000000e+04   6.7990000000000000e+03
   2.2458300000000000e+05   2.7873000000000000e+05   2.2549500000000000e+05   1.5085600000000000e+05   9.4010000000000000e+04   5.3894000000000000e+04   2.9898000000000000e+04   1.6263000000000000e+04   8.1290000000000000e+03   4.4940000000000000e+03
   2.2617400000000000e+05   2.6824400000000000e+05   2.0624000000000000e+05   1.3158200000000000e+05   7.8002000000000000e+04   4.2473000000000000e+04   2.2317000000000000e+04   1.1507000000000000e+04   5.4840000000000000e+03   2.9360000000000000e+03
   2.2759100000000000e+05   2.5690400000000000e+05   1.8829000000000000e+05   1.1317800000000000e+05   6.3698000000000000e+04   3.3430000000000000e+04   1.6826000000000000e+04   8.3550000000000000e+03   3.7830000000000000e+03   1.9600000000000000e+03
   2.2831900000000000e+05   2.4414600000000000e+05   1.7071700000000000e+05   9.7645000000000000e+04   5.2385000000000000e+04   2.5924000000000000e+04   1.2368000000000000e+04   5.8270000000000000e+03   2.4530000000000000e+03   1.2270000000000000e+03
   2.2899100000000000e+05   2.3351000000000000e+05   1.5407200000000000e+05   8.2821000000000000e+04   4.2606000000000000e+04   2.0051000000000000e+04   8.9300000000000000e+03   4.1250000000000000e+03   1.6350000000000000e+03   7.8400000000000000e+02
   2.2820300000000000e+05   2.2015200000000000e+05   1.3751100000000000e+05   7.0190000000000000e+04   3.4187000000000000e+04   1.5609000000000000e+04   6.3780000000000000e+03   2.7990000000000000e+03   1.0420000000000000e+03   4.7600000000000000e+02
   2.2784800000000000e+05   2.0657700000000000e+05   1.2266500000000000e+05   5.8646000000000000e+04   2.7466000000000000e+04   1.1598000000000000e+04   4.4020000000000000e+03   2.0040000000000000e+03   6.3500000000000000e+02   3.1500000000000000e+02
   2.2464900000000000e+05   1.9377900000000000e+05   1.0884800000000000e+05   4.9450000000000000e+04   2.1724000000000000e+04   8.7920000000000000e+03   3.1320000000000000e+03   1.2480000000000000e+03   3.9400000000000000e+02   2.0000000000000000e+02
   2.2244600000000000e+05   1.8021200000000000e+05   9.6198000000000000e+04   4.0641000000000000e+04   1.6913000000000000e+04   6.3310000000000000e+03   2.1560000000000000e+03   8.7200000000000000e+02   2.3200000000000000e+02   1.2600000000000000e+02
   2.1982300000000000e+05   1.6820700000000000e+05   8.4635000000000000e+04   3.3567000000000000e+04   1.3375000000000000e+04   4.6400000000000000e+03   1.4710000000000000e+03   5.3400000000000000e+02   1.3300000000000000e+02   8.7000000000000000e+01
   2.1568100000000000e+05   1.5524600000000000e+05   7.3338000000000000e+04   2.7152000000000000e+04   1.0318000000000000e+04   3.3370000000000000e+03   9.5300000000000000e+02   3.9400000000000000e+02   7.6000000000000000e+01   5.2000000000000000e+01
   2.1298800000000000e+05   1.4334700000000000e+05   6.3289000000000000e+04   2.2143000000000000e+04   7.9380000000000000e+03   2.3430000000000000e+03   6.7800000000000000e+02   2.6300000000000000e+02   4.6000000000000000e+01   2.7000000000000000e+01
   2.0909100000000000e+05   1.3176100000000000e+05   5.3838000000000000e+04   1.7673000000000000e+04   6.1380000000000000e+03   1.6740000000000000e+03   4.7800000000000000e+02   1.9000000000000000e+02   3.7000000000000000e+01   2.1000000000000000e+01
   2.0308500000000000e+05   1.2112900000000000e+05   4.6009000000000000e+04   1.4088000000000000e+04   4.6060000000000000e+03   1.1150000000000000e+03   3.2800000000000000e+02   8.7000000000000000e+01   3.0000000000000000e+01   1.6000000000000000e+01
   1.9846600000000000e+05   1.1101200000000000e+05   3.9746000000000000e+04   1.1290000000000000e+04   3.4120000000000000e+03   8.6800000000000000e+02   2.0800000000000000e+02   7.6000000000000000e+01   1.4000000000000000e+01   7.0000000000000000e+00
   0.0000000000000000e+00   0.0000000000000000e+00   0.0000000000000000e+00   0.0000000000000000e+00   0.0000000000000000e+00   0.0000000000000000e+00   0.0000000000000000e+00   0.0000000000000000e+00   0.0000000000000000e+00   0.0000000000000000e+00
